   0 0.3221978
   1 0.9267991
   2 0.8591316
   3 0.3226173
   4 0.2585209
   5 0.7321858
   6 0.5753068
   7 0.3177332
   8 0.6293626
   9 0.9048673
  10 0.2544063
  11 0.2907267
  12 0.8192280
  13 0.9432613
  14 0.0435815
  15 0.2115708
  16 0.1822593
  17 0.3222065
  18 0.5416898
  19 0.9309611
  20 0.2592631
  21 0.3324992
  22 0.1656297
  23 0.0841040
  24 0.4120333
  25 0.1605612
  26 0.5738400
  27 0.4813805
  28 0.6613729
  29 0.7040318
  30 0.6345469
  31 0.3099759
  32 0.1541453
  33 0.6939586
  34 0.8363624
  35 0.9945623
  36 0.6354814
  37 0.8214437
  38 0.9433242
  39 0.6642408
  40 0.6175499
  41 0.2488571
  42 0.0169547
  43 0.2864787
  44 0.6150606
  45 0.7764813
  46 0.4869160
  47 0.7166011
  48 0.3648628
  49 0.2393268
  50 0.9287970
  51 0.1288833
  52 0.1315132
  53 0.1175379
  54 0.4280733
  55 0.4147205
  56 0.9326425
  57 0.1995656
  58 0.3589388
  59 0.7240121
  60 0.9710450
  61 0.1813051
  62 0.4324940
  63 0.0243070
  64 0.6807755
  65 0.6505920
  66 0.3733789
  67 0.5012270
  68 0.3614211
  69 0.1279949
  70 0.5701816
  71 0.3825117
  72 0.5394073
  73 0.6823211
  74 0.8299156
  75 0.8099778
  76 0.5497980
  77 0.0572244
  78 0.6021277
  79 0.0517363
  80 0.3454075
  81 0.9686682
  82 0.5845847
  83 0.5990908
  84 0.6528512
  85 0.1281271
  86 0.4187626
  87 0.6144201
  88 0.5436592
  89 0.6567967
  90 0.4617728
  91 0.9278660
  92 0.2402873
  93 0.7914414
  94 0.3910104
  95 0.6775757
  96 0.6242189
  97 0.2810960
  98 0.6374919
  99 0.7296697
 100 0.8405748
 101 0.7925898
 102 0.8470144
 103 0.3622066
 104 0.4575136
 105 0.9422204
 106 0.7123755
 107 0.6592674
 108 0.6505186
 109 0.6918899
 110 0.7054514
 111 0.0992513
 112 0.4145548
 113 0.4958659
 114 0.9719211
 115 0.7194353
 116 0.5967536
 117 0.8829671
 118 0.1687528
 119 0.6152202
 120 0.8842295
 121 0.4173186
 122 0.4520683
 123 0.5177775
 124 0.4674580
 125 0.0487784
 126 0.4182370
 127 0.5067366
 128 0.9984687
 129 0.1892807
 130 0.1996147
 131 0.0518034
 132 0.5379367
 133 0.5352507
 134 0.7600025
 135 0.5705553
 136 0.4103264
 137 0.3659476
 138 0.8165122
 139 0.0157956
 140 0.1657293
 141 0.5093258
 142 0.3839583
 143 0.4768370
 144 0.8170668
 145 0.5670300
 146 0.1107085
 147 0.6123243
 148 0.7714554
 149 0.3138974
 150 0.0328883
 151 0.0071468
 152 0.8401183
 153 0.1703929
 154 0.5404407
 155 0.8419813
 156 0.5020254
 157 0.6467639
 158 0.5490218
 159 0.2984312
 160 0.5535519
 161 0.5688368
 162 0.6939254
 163 0.3194610
 164 0.9054456
 165 0.1857247
 166 0.0341036
 167 0.9856478
 168 0.8983031
 169 0.2278907
 170 0.1377468
 171 0.4837293
 172 0.0790335
 173 0.1372552
 174 0.4440176
 175 0.2737189
 176 0.7974313
 177 0.1880677
 178 0.2801193
 179 0.4829096
 180 0.4999933
 181 0.0883196
 182 0.6020430
 183 0.1372002
 184 0.7212399
 185 0.5199582
 186 0.8607265
 187 0.8291329
 188 0.3542175
 189 0.5520796
 190 0.8450916
 191 0.0702583
 192 0.5454284
 193 0.7727495
 194 0.4244973
 195 0.6673997
 196 0.3940116
 197 0.0027569
 198 0.2417226
 199 0.2065201
 200 0.4316305
 201 0.0397067
 202 0.7083450
 203 0.0546302
 204 0.1221726
 205 0.3051388
 206 0.5760858
 207 0.5976629
 208 0.6165212
 209 0.2223904
 210 0.5642610
 211 0.1240265
 212 0.9490014
 213 0.3535468
 214 0.9622843
 215 0.8474571
 216 0.9863890
 217 0.5945212
 218 0.5256440
 219 0.3218890
 220 0.5302407
 221 0.9728647
 222 0.4374728
 223 0.0537575
 224 0.2451058
 225 0.6864279
 226 0.2857857
 227 0.1093419
 228 0.9381717
 229 0.6663742
 230 0.8238630
 231 0.2883326
 232 0.8742127
 233 0.8440799
 234 0.1765865
 235 0.8126234
 236 0.1001678
 237 0.5470454
 238 0.4947987
 239 0.3833042
 240 0.3961103
 241 0.4735356
 242 0.7701134
 243 0.1245510
 244 0.8485201
 245 0.1062299
 246 0.4443929
 247 0.5551354
 248 0.6210396
 249 0.5610397
 250 0.3796130
 251 0.0213905
 252 0.2109572
 253 0.6000995
 254 0.1880771
 255 0.4011560
 256 0.5440972
 257 0.3112753
 258 0.9521295
 259 0.1187369
 260 0.4105566
 261 0.7509012
 262 0.5503083
 263 0.8765072
 264 0.1358454
 265 0.4367716
 266 0.9551789
 267 0.5273531
 268 0.1433598
 269 0.0968763
 270 0.2935758
 271 0.8123594
 272 0.1932929
 273 0.4928316
 274 0.4351513
 275 0.3917350
 276 0.3695144
 277 0.0735397
 278 0.3504722
 279 0.0052548
 280 0.9570142
 281 0.2991463
 282 0.9505911
 283 0.3693846
 284 0.6827798
 285 0.7163186
 286 0.0983153
 287 0.8193502
 288 0.9412312
 289 0.9973678
 290 0.8725589
 291 0.7793434
 292 0.2165030
 293 0.0775736
 294 0.6278211
 295 0.2568886
 296 0.4161647
 297 0.5171596
 298 0.6082551
 299 0.0155375
 300 0.3419029
 301 0.8922067
 302 0.2119343
 303 0.6923800
 304 0.0539300
 305 0.4457988
 306 0.7050187
 307 0.8628472
 308 0.6713364
 309 0.2425999
 310 0.7581360
 311 0.4159263
 312 0.6262296
 313 0.3576447
 314 0.8651369
 315 0.4016812
 316 0.2069794
 317 0.9924607
 318 0.7167403
 319 0.3458218
 320 0.4646434
 321 0.0927314
 322 0.3701401
 323 0.0211292
 324 0.9757212
 325 0.3318733
 326 0.4008978
 327 0.2490457
 328 0.3043635
 329 0.5438256
 330 0.8890204
 331 0.7379713
 332 0.0898846
 333 0.3384023
 334 0.4902577
 335 0.8038433
 336 0.2396420
 337 0.2111561
 338 0.4032246
 339 0.8254868
 340 0.1879454
 341 0.1065890
 342 0.9344703
 343 0.6858546
 344 0.8104924
 345 0.9917991
 346 0.7336970
 347 0.0518279
 348 0.6598907
 349 0.8120730
 350 0.3456364
 351 0.9074121
 352 0.6065090
 353 0.8215971
 354 0.5635050
 355 0.1611660
 356 0.6091856
 357 0.2468900
 358 0.5752960
 359 0.3122887
 360 0.8637615
 361 0.5121327
 362 0.5408901
 363 0.4325310
 364 0.5944698
 365 0.4350352
 366 0.3960744
 367 0.4263050
 368 0.5617211
 369 0.7870798
 370 0.1768900
 371 0.6684520
 372 0.7490887
 373 0.8482205
 374 0.3399888
 375 0.3783359
 376 0.8511229
 377 0.3508510
 378 0.4542864
 379 0.2622616
 380 0.3006802
 381 0.2162340
 382 0.0424759
 383 0.1439359
 384 0.0103933
 385 0.2191404
 386 0.7379766
 387 0.7311000
 388 0.3535312
 389 0.6578338
 390 0.9106272
 391 0.2036878
 392 0.9947839
 393 0.2114653
 394 0.8731668
 395 0.3814934
 396 0.4963617
 397 0.1334516
 398 0.6173522
 399 0.9619005
 400 0.6169107
 401 0.3726421
 402 0.5415720
 403 0.7857259
 404 0.4778573
 405 0.1061885
 406 0.7007998
 407 0.0588981
 408 0.0923860
 409 0.4499523
 410 0.9525786
 411 0.2790081
 412 0.9169825
 413 0.8898726
 414 0.7471133
 415 0.7843448
 416 0.5150689
 417 0.8635947
 418 0.6121158
 419 0.1042618
 420 0.5806420
 421 0.9896420
 422 0.9043063
 423 0.1798556
 424 0.4368309
 425 0.2220563
 426 0.1034831
 427 0.2359445
 428 0.1010110
 429 0.0983045
 430 0.1241309
 431 0.2091094
 432 0.8173032
 433 0.2979620
 434 0.5028223
 435 0.5265718
 436 0.8016014
 437 0.8420189
 438 0.8098950
 439 0.6659916
 440 0.4728491
 441 0.7650537
 442 0.1785934
 443 0.1532965
 444 0.4989534
 445 0.9862144
 446 0.0501459
 447 0.6470725
 448 0.7893800
 449 0.6682381
 450 0.1230073
 451 0.2281372
 452 0.7893970
 453 0.9064147
 454 0.3386768
 455 0.6440928
 456 0.6896097
 457 0.0711924
 458 0.8558247
 459 0.9640968
 460 0.0204883
 461 0.6638820
 462 0.3000289
 463 0.9065877
 464 0.8444840
 465 0.6472147
 466 0.2416755
 467 0.7029653
 468 0.4382557
 469 0.6814226
 470 0.8884178
 471 0.9373166
 472 0.1484483
 473 0.7552882
 474 0.9865483
 475 0.4974168
 476 0.8109935
 477 0.6130851
 478 0.3910434
 479 0.5972109
 480 0.9687666
 481 0.8626169
 482 0.7372279
 483 0.1443444
 484 0.1517762
 485 0.0467853
 486 0.1717222
 487 0.4823184
 488 0.2848252
 489 0.4297503
 490 0.0215233
 491 0.1992166
 492 0.1504498
 493 0.1173143
 494 0.9696694
 495 0.4836908
 496 0.7285505
 497 0.3602189
 498 0.8932451
 499 0.2317883
 500 0.5154769
 501 0.6350427
 502 0.7020036
 503 0.5409655
 504 0.1054239
 505 0.7426908
 506 0.0939828
 507 0.3934057
 508 0.5435183
 509 0.7324267
 510 0.9724172
 511 0.3632195
 512 0.1291679
 513 0.1387629
 514 0.3086707
 515 0.8518566
 516 0.3370762
 517 0.8355384
 518 0.0300199
 519 0.1108737
 520 0.6096485
 521 0.0154769
 522 0.1833130
 523 0.7557761
 524 0.0775353
 525 0.8941614
 526 0.1537752
 527 0.2279065
 528 0.0463562
 529 0.5958558
 530 0.3532421
 531 0.1567668
 532 0.3163320
 533 0.3857154
 534 0.2299799
 535 0.6566797
 536 0.2467909
 537 0.3974020
 538 0.5086506
 539 0.7324535
 540 0.2666136
 541 0.1925967
 542 0.2386157
 543 0.1307417
 544 0.9623387
 545 0.0910536
 546 0.1410471
 547 0.9891576
 548 0.3874338
 549 0.8390203
 550 0.2685370
 551 0.0019311
 552 0.2444583
 553 0.8000720
 554 0.5301547
 555 0.9461116
 556 0.6525996
 557 0.5351282
 558 0.1736620
 559 0.2999153
 560 0.3751017
 561 0.5178601
 562 0.9548422
 563 0.8880238
 564 0.7068055
 565 0.9118978
 566 0.8426049
 567 0.7839144
 568 0.3806513
 569 0.2665095
 570 0.8923474
 571 0.5316354
 572 0.4261930
 573 0.4274851
 574 0.9687132
 575 0.5839555
 576 0.7625297
 577 0.3208250
 578 0.1346810
 579 0.3144328
 580 0.7134385
 581 0.0565238
 582 0.9469284
 583 0.6963708
 584 0.2955774
 585 0.5736411
 586 0.0972839
 587 0.2367548
 588 0.9687707
 589 0.4486883
 590 0.4247857
 591 0.3214405
 592 0.8663546
 593 0.8810074
 594 0.4109683
 595 0.4270468
 596 0.0402264
 597 0.1576764
 598 0.2474014
 599 0.7331237
 600 0.7939833
 601 0.2508067
 602 0.0408161
 603 0.1372727
 604 0.2310970
 605 0.9609635
 606 0.3037852
 607 0.5115075
 608 0.2124186
 609 0.5636246
 610 0.5867257
 611 0.7302297
 612 0.2017925
 613 0.8262299
 614 0.2700139
 615 0.0824553
 616 0.4770888
 617 0.0979430
 618 0.5556792
 619 0.6921150
 620 0.2637985
 621 0.5349013
 622 0.0333930
 623 0.3799298
 624 0.6533057
 625 0.0893703
 626 0.7839372
 627 0.6170301
 628 0.3245595
 629 0.4320531
 630 0.4788615
 631 0.3255691
 632 0.7714016
 633 0.5104802
 634 0.1956416
 635 0.3331894
 636 0.3125895
 637 0.3943406
 638 0.1582415
 639 0.3283408
 640 0.6054795
 641 0.8420770
 642 0.6996395
 643 0.9823785
 644 0.6781043
 645 0.0821719
 646 0.5740228
 647 0.5229577
 648 0.4225105
 649 0.7979216
 650 0.6083013
 651 0.8126904
 652 0.8942189
 653 0.6840915
 654 0.3364636
 655 0.3567747
 656 0.3219798
 657 0.5312228
 658 0.4217245
 659 0.3239889
 660 0.6405516
 661 0.0128315
 662 0.6528530
 663 0.0467343
 664 0.5319828
 665 0.4451985
 666 0.7339642
 667 0.8054887
 668 0.4623295
 669 0.6114235
 670 0.7099184
 671 0.3856884
 672 0.2174752
 673 0.7035263
 674 0.2783043
 675 0.8968755
 676 0.5143758
 677 0.4743805
 678 0.5911066
 679 0.8375919
 680 0.4417568
 681 0.2585085
 682 0.5107715
 683 0.6227795
 684 0.2687713
 685 0.3621262
 686 0.8886639
 687 0.5711298
 688 0.3277589
 689 0.2288689
 690 0.0048423
 691 0.6861598
 692 0.5508406
 693 0.2685707
 694 0.2668614
 695 0.0307139
 696 0.1549841
 697 0.2166423
 698 0.6750735
 699 0.2720722
 700 0.6173646
 701 0.9847015
 702 0.3398918
 703 0.4779771
 704 0.8072114
 705 0.7646553
 706 0.8157133
 707 0.8371671
 708 0.0287146
 709 0.7096273
 710 0.6817786
 711 0.7755260
 712 0.9879917
 713 0.3670296
 714 0.8316227
 715 0.1620170
 716 0.5515667
 717 0.6183326
 718 0.6410773
 719 0.4516710
 720 0.6306761
 721 0.8847586
 722 0.4121717
 723 0.0643229
 724 0.8778074
 725 0.1959792
 726 0.9584552
 727 0.1902303
 728 0.1505507
 729 0.2032119
 730 0.9310187
 731 0.0784839
 732 0.7847303
 733 0.8732616
 734 0.7666065
 735 0.2113120
 736 0.3602945
 737 0.3010156
 738 0.7164747
 739 0.7994215
 740 0.0117837
 741 0.4185251
 742 0.0233296
 743 0.9435772
 744 0.3131153
 745 0.1326628
 746 0.8063215
 747 0.9223362
 748 0.1776457
 749 0.7914880
 750 0.3973830
 751 0.9383239
 752 0.1930736
 753 0.1823758
 754 0.5150913
 755 0.3303168
 756 0.9323778
 757 0.8425024
 758 0.5435169
 759 0.4068373
 760 0.9130177
 761 0.4318054
 762 0.7881161
 763 0.7480562
 764 0.7971507
 765 0.7809826
 766 0.4829027
 767 0.7083436
 768 0.0819253
 769 0.3061148
 770 0.1747268
 771 0.6572889
 772 0.0622669
 773 0.8480498
 774 0.6763995
 775 0.1571060
 776 0.5951723
 777 0.8139381
 778 0.9586178
 779 0.4483631
 780 0.0126703
 781 0.0953790
 782 0.6522839
 783 0.8911214
 784 0.4031326
 785 0.3677470
 786 0.5806283
 787 0.2446539
 788 0.0135763
 789 0.1766131
 790 0.5757529
 791 0.8465005
 792 0.9635386
 793 0.9071414
 794 0.6705854
 795 0.5133536
 796 0.8573498
 797 0.7278716
 798 0.5171082
 799 0.5817792
 800 0.8259674
 801 0.9407002
 802 0.7002041
 803 0.4783040
 804 0.9657659
 805 0.8572445
 806 0.1418500
 807 0.2711792
 808 0.2314900
 809 0.4134721
 810 0.9191232
 811 0.4671528
 812 0.1584732
 813 0.2420054
 814 0.7976817
 815 0.3166771
 816 0.4889634
 817 0.5752230
 818 0.5636532
 819 0.7226216
 820 0.7867559
 821 0.4494670
 822 0.0861362
 823 0.7186812
 824 0.6116948
 825 0.4708579
 826 0.5850519
 827 0.7379114
 828 0.6463738
 829 0.8138091
 830 0.5740528
 831 0.7288179
 832 0.1861164
 833 0.6680270
 834 0.2852807
 835 0.2281283
 836 0.7383748
 837 0.6469089
 838 0.1493931
 839 0.5886939
 840 0.9079696
 841 0.5796312
 842 0.2272589
 843 0.6564556
 844 0.2681513
 845 0.7996555
 846 0.7635903
 847 0.6284007
 848 0.2556892
 849 0.8926821
 850 0.7942734
 851 0.6981858
 852 0.9281603
 853 0.1931353
 854 0.1250307
 855 0.0426797
 856 0.9718852
 857 0.8345834
 858 0.8944259
 859 0.5483183
 860 0.0807121
 861 0.9474747
 862 0.3319183
 863 0.5834462
 864 0.8487431
 865 0.0025264
 866 0.2286654
 867 0.0986896
 868 0.2747060
 869 0.3614578
 870 0.7722021
 871 0.7290703
 872 0.0477880
 873 0.6932660
 874 0.7470997
 875 0.8699082
 876 0.1777583
 877 0.5128262
 878 0.5090467
 879 0.8397399
 880 0.6925171
 881 0.5335652
 882 0.0475478
 883 0.8437556
 884 0.3295974
 885 0.1165719
 886 0.5622993
 887 0.6823813
 888 0.6939987
 889 0.3019656
 890 0.2383504
 891 0.1584431
 892 0.8074393
 893 0.6206542
 894 0.2971919
 895 0.1085748
 896 0.3759872
 897 0.7820700
 898 0.8752714
 899 0.3400641
 900 0.5373199
 901 0.8081451
 902 0.3606827
 903 0.4934323
 904 0.4146548
 905 0.9346388
 906 0.5586369
 907 0.2642876
 908 0.4418514
 909 0.4387770
 910 0.4529481
 911 0.9102727
 912 0.6030424
 913 0.7856439
 914 0.2547755
 915 0.6640665
 916 0.1822433
 917 0.6570887
 918 0.2338271
 919 0.2963029
 920 0.5627470
 921 0.6265551
 922 0.6291399
 923 0.8461803
 924 0.7944448
 925 0.8023728
 926 0.0225963
 927 0.9606871
 928 0.4378543
 929 0.4869596
 930 0.9005186
 931 0.8731225
 932 0.3773770
 933 0.0117074
 934 0.2628708
 935 0.6316336
 936 0.7250297
 937 0.3423260
 938 0.1575476
 939 0.7463999
 940 0.0898391
 941 0.0698273
 942 0.4163359
 943 0.8978758
 944 0.0340604
 945 0.7296157
 946 0.6443170
 947 0.5334568
 948 0.7851289
 949 0.6722830
 950 0.3764523
 951 0.1847011
 952 0.8386991
 953 0.0303753
 954 0.5549819
 955 0.5693385
 956 0.5305719
 957 0.0141726
 958 0.6825331
 959 0.6364381
 960 0.0062616
 961 0.8440848
 962 0.6031284
 963 0.2813204
 964 0.9250145
 965 0.6288694
 966 0.6503679
 967 0.9344341
 968 0.5495020
 969 0.1180275
 970 0.3389356
 971 0.8695244
 972 0.3233032
 973 0.4486006
 974 0.6808875
 975 0.4463289
 976 0.3772519
 977 0.1541366
 978 0.8877284
 979 0.2485814
 980 0.6271726
 981 0.7909303
 982 0.8686916
 983 0.5715807
 984 0.8659656
 985 0.0503707
 986 0.9573311
 987 0.5173110
 988 0.2421529
 989 0.9963080
 990 0.8682175
 991 0.8337335
 992 0.3394123
 993 0.5699131
 994 0.0766417
 995 0.1571728
 996 0.5520481
 997 0.8358086
 998 0.6695716
 999 0.4169304
